[LEFT_CAM_2K]
fx=1391.17
fy=1391.17
cx=1076.91
cy=588.3
k1=-0.174341
k2=0.0278618
p1=0.00152184
p2=0.000566347
k3=0

[RIGHT_CAM_2K]
fx=1396.64
fy=1396.64
cx=1105.75
cy=601.904
k1=-0.172145
k2=0.0261179
p1=0.00138459
p2=0.00020452
k3=0

[LEFT_CAM_FHD]
fx=1391.17
fy=1391.17
cx=932.91
cy=507.3
k1=-0.174341
k2=0.0278618
p1=0.00152184
p2=0.000566347
k3=0

[RIGHT_CAM_FHD]
fx=1396.64
fy=1396.64
cx=961.75
cy=520.904
k1=-0.172145
k2=0.0261179
p1=0.00138459
p2=0.00020452
k3=0

[LEFT_CAM_HD]
fx=695.585
fy=695.585
cx=624.955
cy=342.15
k1=-0.174341
k2=0.0278618
p1=0.00152184
p2=0.000566347
k3=0

[RIGHT_CAM_HD]
fx=698.32
fy=698.32
cx=639.375
cy=348.952
k1=-0.172145
k2=0.0261179
p1=0.00138459
p2=0.00020452
k3=0

[LEFT_CAM_VGA]
fx=347.7925
fy=347.7925
cx=327.9775
cy=178.575
k1=-0.174341
k2=0.0278618
p1=0.00152184
p2=0.000566347
k3=0

[RIGHT_CAM_VGA]
fx=349.16
fy=349.16
cx=335.1875
cy=181.976
k1=-0.172145
k2=0.0261179
p1=0.00138459
p2=0.00020452
k3=0

[STEREO]
Baseline=120.012
TY=0.00488971
TZ=0.0419217
CV_2K=0.0150994
CV_FHD=0.0150994
CV_HD=0.0150994
CV_VGA=0.0150994
RX_2K=-0.00344821
RX_FHD=-0.00344821
RX_HD=-0.00344821
RX_VGA=-0.00344821
RZ_2K=-0.00137279
RZ_FHD=-0.00137279
RZ_HD=-0.00137279
RZ_VGA=-0.00137279

[MISC]
Sensor_ID=0

