[LEFT_CAM_2K]
fx=1050.68
fy=1049.84
cx=1159.46
cy=599.556
k1=-0.0388492
k2=0.00724433
p1=0.000229427
p2=0.000167234
k3=-0.00382022

[RIGHT_CAM_2K]
fx=1051.75
fy=1051.26
cx=1136.15
cy=599.51
k1=-0.0392157
k2=0.00777815
p1=-0.000133548
p2=-0.000125849
k3=-0.0040082

[LEFT_CAM_FHD]
fx=1050.68
fy=1049.84
cx=1015.46
cy=518.556
k1=-0.0388492
k2=0.00724433
p1=0.000229427
p2=0.000167234
k3=-0.00382022

[RIGHT_CAM_FHD]
fx=1051.75
fy=1051.26
cx=992.15
cy=518.51
k1=-0.0392157
k2=0.00777815
p1=-0.000133548
p2=-0.000125849
k3=-0.0040082

[LEFT_CAM_HD]
fx=525.34
fy=524.92
cx=666.23
cy=347.778
k1=-0.0388492
k2=0.00724433
p1=0.000229427
p2=0.000167234
k3=-0.00382022

[RIGHT_CAM_HD]
fx=525.875
fy=525.63
cx=654.575
cy=347.755
k1=-0.0392157
k2=0.00777815
p1=-0.000133548
p2=-0.000125849
k3=-0.0040082

[LEFT_CAM_VGA]
fx=262.67
fy=262.46
cx=348.615
cy=181.389
k1=-0.0388492
k2=0.00724433
p1=0.000229427
p2=0.000167234
k3=-0.00382022

[RIGHT_CAM_VGA]
fx=262.9375
fy=262.815
cx=342.7875
cy=181.3775
k1=-0.0392157
k2=0.00777815
p1=-0.000133548
p2=-0.000125849
k3=-0.0040082

[STEREO]
Baseline=119.726
TY=0.0113338
TZ=-0.341124
CV_2K=0.00423155
CV_FHD=0.00423155
CV_HD=0.00423155
CV_VGA=0.00423155
RX_2K=-0.00427333
RX_FHD=-0.00427333
RX_HD=-0.00427333
RX_VGA=-0.00427333
RZ_2K=5.41747e-05
RZ_FHD=5.41747e-05
RZ_HD=5.41747e-05
RZ_VGA=5.41747e-05

[MISC]
Sensor_ID=0

